






formation_x =

 

   -3.3750   -3.7790   -4.2439   -4.7822   -5.3487   -5.9458   -6.5458   -7.1328   -7.7232   -8.3163   -8.8407



   -9.3516   -9.8999  -10.4865  -10.9004  -11.3611  -11.8514  -12.3735  -12.8758  -13.4588  -13.9033  -14.3742



  -14.8458  -15.3359  -15.7447  -16.1990  -16.6575  -17.0843  -17.4411  -17.7615  -18.0584  -18.3371  -18.6025

 

  -18.9129  -19.1846  -19.5210  -19.8115  -20.0259  -20.1319  -20.0666  -19.9775  -19.8546  -19.6587  -19.4276

 

  -19.1065  -18.7852  -18.4635  -18.1727  -17.8911  -17.5706  -17.1354  -16.5835  -16.0094  -15.4260  -14.8410

  

  -14.2422  -13.6431  -13.0439  -12.4442  -11.8444  -11.2444  -10.6456  -10.0606   -9.4789   -8.9133   -8.3955



   -8.0136   -7.6882   -7.3928   -7.1365   -7.0021   -6.9071   -6.8530   -6.8421   -6.8321   -6.8249   -6.8200

  

   -6.8155   -6.7749   -6.6145   -6.3266   -5.9936   -5.4582   -4.9326   -4.4491   -3.9320   -3.4584   -3.0226



   -2.8407   -2.6825   -2.7667   -2.7953   -2.8163   -2.8587   -2.8863   -2.9107   -3.0318   -3.2334


formation_y =



   -8.7395   -8.2959   -7.9166   -7.6516   -7.4540   -7.3950   -7.3950   -7.5193   -7.6261   -7.7167   -8.0084



   -8.3230   -8.5666   -8.4407   -8.8751   -9.2595   -9.6053   -9.9011  -10.2293  -10.3711  -10.7741  -11.1459



  -11.5168  -11.8629  -12.3022  -12.6941  -13.0810  -13.5027  -13.9851  -14.4924  -15.0138  -15.5451  -16.0833

 

  -16.5967  -17.1317  -17.6285  -18.1535  -18.7139  -19.3044  -19.9009  -20.4942  -21.0815  -21.6486  -22.2023



  -22.7091  -23.2159  -23.7224  -24.2472  -24.7770  -25.2842  -25.6973  -25.9327  -26.1071  -26.2472  -26.3805



  -26.4179  -26.4520  -26.4825  -26.4991  -26.5149  -26.5242  -26.4866  -26.3532  -26.2063  -26.0060  -25.7029



  -25.2402  -24.7360  -24.2138  -23.6713  -23.0865  -22.4941  -21.8966  -21.2966  -20.6967  -20.0968  -19.4968



  -18.8968  -18.2982  -17.7200  -17.1936  -16.6945  -16.4237  -16.1342  -15.7790  -15.4747  -15.1063  -14.6939



  -14.1221  -13.5434  -12.9493  -12.3500  -11.7504  -11.1519  -10.5525   -9.9530   -9.3653   -8.8002



