

formation_x =



   17.9464   17.5578   16.9958   16.4135   15.8200   15.2249   14.7038   14.2122   13.7100   13.2263   12.7612



   12.3679   12.0039   11.6458   11.2998   10.9676   10.6893   10.5621   10.4355   10.3217   10.2394   10.1468



   10.0140    9.9078    9.8146    9.6719    9.6297    9.6181    9.6464    9.7006    9.8171    9.9357   10.0567



   10.1855   10.3069   10.3136   10.2679   10.2260   10.4763   10.8512   11.2520   11.8411   12.4381   13.0351



   13.6331   14.2316   14.8301   15.4296   16.0292   16.6289   17.2287   17.8286   18.4285   19.0270   19.6261



   20.2196   20.8176   21.4159   21.9875   22.5261   22.9224   23.2936   23.5909   23.9156   24.2401   24.5250



   24.8248   25.1466   25.4783   25.8209   26.1624   26.4890   26.7833   27.0597   27.3153   27.3928   27.3377



   27.2352   27.0357   26.7534   26.4522   26.1280   25.6495   25.1717   24.6845   24.2118   23.7303   23.2698


   22.8079   22.4468   22.1268   21.8645   21.4704   21.0550   20.5136   19.9136   19.3137   18.7502   18.3896



   18.1902   17.9908


formation_y =



   10.9244   11.3815   11.5915   11.4470   11.3586   11.2824   10.9850   10.6409   10.3126    9.9577    9.5785



    9.1254    8.6485    8.1671    7.6769    7.1773    6.6457    6.0593    5.4728    4.8837    4.2894    3.6966



    3.1115    2.5209    1.9282    1.3455    0.7470    0.1471   -0.4523   -1.0498   -1.6384   -2.2266   -2.8142



   -3.4002   -3.9878   -4.5878   -5.1860   -5.7846   -6.3299   -6.7984   -7.2449   -7.3587   -7.4187   -7.4779



   -7.5269   -7.5703   -7.6118   -7.6364   -7.6600   -7.6774   -7.6922   -7.7061   -7.7134   -7.6703   -7.6386



   -7.5505   -7.5017   -7.4565   -7.2739   -7.0095   -6.5590   -6.0876   -5.5664   -5.0620   -4.5572   -4.0292


   -3.5095   -3.0031   -2.5031   -2.0105   -1.5172   -1.0139   -0.4910    0.0415    0.5844    1.1793    1.7768


    2.3680    2.9338    3.4633    3.9822    4.4871    4.8491    5.2119    5.5621    5.9317    6.2897    6.6743



    7.0572    7.5365    8.0440    8.5836    9.0360    9.4689    9.7276    9.7343    9.7405    9.9467   10.4263



   10.6504   10.8745




